
[47. 11.] preferred to [ 6. 50.]
[47. 11.] preferred to [45.  46.5]
[47. 11.] preferred to [ 3.5 36. ]
[47. 11.] preferred to [37.5 32.5]
[47. 11.] preferred to [ 5.5 42.5]
[47. 11.] preferred to [10.  20.5]
[5.5 2.5] preferred to [47. 11.]
[39.   1.5] preferred to [5.5 2.5]
[5.5 2.5] preferred to [47. 11.]
[39.   1.5] preferred to [36. 46.]
[39.   1.5] preferred to [35.5  7. ]
[6.5 1. ] preferred to [39.   1.5]
[39.   1.5] preferred to [5.5 2.5]
[6.5 1. ] preferred to [21. 43.]
[6.5 1. ] preferred to [26. 50.]
[6.5 1. ] preferred to [21.5 13. ]
[6.5 1. ] preferred to [44.  34.5]
[6.5 1. ] preferred to [15.5 41. ]
[6.5 1. ] preferred to [28.5 33.5]
[6.5 1. ] preferred to [15.5 47. ]
[6.5 1. ] preferred to [25. 17.]
[6.5 1. ] preferred to [14.   1.5]
[6.5 1. ] preferred to [1.  3.5]
[6.5 1. ] preferred to [47.  1.]
[6.5 1. ] preferred to [3.5 5. ]
[6.5 1. ] preferred to [24.5  0.5]
[6.5 1. ] preferred to [22.  10.5]
[6.5 1. ] preferred to [6.  7.5]
[6.5 1. ] preferred to [47. 24.]
[6.5 1. ] preferred to [ 3. 21.]
[6.5 1. ] preferred to [44. 36.]
[6.5 1. ] preferred to [33.  1.]
[6.5 1. ] preferred to [10.  37.5]



0.5383529897576843
0.3120130002582282
0.4307607950571197
0.22528347984463046
0.2290320422173685
0.20606588659036804
0.2159381715958132
0.3934305260311409
0.14134432038245656
0.30894055839967055
0.11456805752019861
0.12608393489504566
0.1211131118579697
0.11776960397694856
0.10922865085498974
0.12675866139484382
0.09656477162750908
0.09226378975251674
0.08845334331063084
0.08663712488684486
0.08178894458904369
0.12153334405315416
0.11420488381462006
0.11183210046908734
0.06647828791551172
0.05767177910852856
0.056019092697169336
0.04573260390440889
0.06788434453751276
0.06262976162937203

[5. 1.] preferred to [45. 50.]
[5. 1.] preferred to [ 6. 16.]
[5. 1.] preferred to [15.5 47. ]
[5. 1.] preferred to [14.5 13.5]
[5. 1.] preferred to [15.5  5. ]
[5. 1.] preferred to [ 7.5 46. ]
[5. 1.] preferred to [23.5 47.5]
[45.5  2.5] preferred to [5. 1.]
[45.5  2.5] preferred to [39.5 48.5]
[45.5  2.5] preferred to [18.  33.5]
[45.5  2.5] preferred to [ 9.5 29. ]
[45.5  2.5] preferred to [32. 41.]
[45.5  2.5] preferred to [29.  44.5]
[45.5  2.5] preferred to [ 6.  13.5]
[45.5  2.5] preferred to [44.5 39. ]
[45.5  2.5] preferred to [4.5 7. ]
[45.5  2.5] preferred to [34.  42.5]
[45.5  2.5] preferred to [44.  34.5]
[45.5  2.5] preferred to [24.5 27. ]
[45.5  2.5] preferred to [24.  43.5]
[45.5  2.5] preferred to [43. 25.]
[29.5  3. ] preferred to [45.5  2.5]
[29.5  3. ] preferred to [26.5 17.5]
[29.5  3. ] preferred to [14.5  6.5]
[24.5  2. ] preferred to [29.5  3. ]
[24.5  2. ] preferred to [2.  3.5]
[24.5  2. ] preferred to [38.5 36.5]
[24.5  2. ] preferred to [40.  1.]
[12.5  1. ] preferred to [24.5  2. ]
[12.5  1. ] preferred to [34.  31.5]
[12.5  1. ] preferred to [41.  4.]

0.5730876383401813
0.4533340760739405
0.28418485148495626
0.39575630905885445
0.26010934419645726
0.20326341131876477
0.22727205308480788
0.217668809642366
0.17321267965626747
0.1923638743572308
0.1510171183278587
0.17140547941599316
0.1382697697017818
0.12587545361419664
0.14624491910557685
0.11391958168126196
0.1563605904747631
0.11480632079700034
0.08984310085349302
0.1123812166978404
0.108856501317257
0.07885003756862094
0.07664264563404624
0.09700860548335745
0.06922931760500843
0.06599882338531113
0.06546911854686745
0.08856168616871476
0.08661154184451957
0.05904424680990032

[21.5 11. ] preferred to [ 1.  36.5]
[21.5 11. ] preferred to [18.   9.5]
[21.5 11. ] preferred to [ 4.5 43.5]
[21.5 11. ] preferred to [49.  37.5]
[21.5 11. ] preferred to [43.  48.5]
[21.5 11. ] preferred to [2.  6.5]
[21.5 11. ] preferred to [ 2.5 12.5]
[21.5 11. ] preferred to [2.5 5.5]
[21.5 11. ] preferred to [ 0.5 49. ]
[21.5 11. ] preferred to [10.5 26.5]
[21.5 11. ] preferred to [15.5 35. ]
[21.5 11. ] preferred to [42. 34.]
[21.5 11. ] preferred to [18.5 33.5]
[21.5 11. ] preferred to [29.  44.5]
[21.5 11. ] preferred to [35.5  7. ]
[21.5 11. ] preferred to [33.5 10. ]
[11.5  1. ] preferred to [21.5 11. ]
[11.5  1. ] preferred to [ 2. 20.]
[11.5  1. ] preferred to [23.  10.5]
[11.5  1. ] preferred to [44.  34.5]
[11.5  1. ] preferred to [41.5 44.5]
[11.5  1. ] preferred to [15.5 15.5]
[11.5  1. ] preferred to [15.5 39. ]
[11.5  1. ] preferred to [23.5 45.5]
[11.5  1. ] preferred to [45.5  9.5]
[11.5  1. ] preferred to [46.5 20.5]
[11.5  1. ] preferred to [ 0.5 49. ]
[11.5  1. ] preferred to [47. 24.]
[11.5  1. ] preferred to [24.5 27. ]
[11.5  1. ] preferred to [48.  1.]
[16.5  4. ] preferred to [11.5  1. ]
















0.5687962239182937
0.39973858723329886
0.48634780181389214
0.40460319577834164
0.19853692007226273

0.5714603940540006
0.45518028563443086
0.43847333688578455
0.33934937345491545
0.18599433789449157
0.31514932886083613




0.5723602248634607
0.5581916262528474
0.3990198940052517
0.37942249713705695
0.3230108078468068
0.321614676749231
0.23732832880571653

0.5598215400866542
0.5108538058095394
0.4245321385567464
0.3663688564259919
0.3651731011191544
0.27431185932576413
0.15910102836608536



0.5659604000369767
0.548344727139298
0.46760120872913175



0.5689082406675321

0.5380672400828752

0.5707255372788069

0.5634859751085567

0.5523573987479432
0.4261881107338303
0.3384160843245639
0.21752883743300302

0.5569621774683268
0.32002243024054217
0.43950931737711774

0.5664109007115267
0.3265896365555948


0.5526757007641803
0.44196850910289753
0.26156689700627345
0.39386098694109456
0.5186377128491417
0.3080173544656099
0.29153115615231034
0.2056222782749797
0.2502597173815358
0.20583655797853304
0.21274670217617642
0.182143683314065
0.12500119981515098
0.12148803681884458
0.11111096608567565
0.09772323877650302
0.0923719639269986
0.08159721342560168
0.07540062958341182
0.10033647606474864
0.07050618414901905
0.09500834741041125
0.07260252619416238
0.05434632578691145
0.06750261872583672
0.0668193838516236
0.06319326518891702
0.040025010995847536
0.06015844634005931




0.5711164483714275
0.5274170675604491
0.39359271864910117
0.21802775822086895
0.255845835402251
0.20319965833851222
0.18985408766393969
0.17717391159275137
0.16619581592468546
0.133574808505166


0.5694789463786044
0.3203162114855419

0.5511330298819602
0.5352954473862119
0.444332162975813
0.3812753381937229
0.43810351784721546
0.3326210897393962
0.28527501612770045
0.33711165163137646
0.23187695609968745
0.1941107072155198
0.15868838626108867
0.17818751478931452
0.11262605826781777
0.2786734442962078
0.1941509461072615
0.14898437675863355
0.1516864181842028
0.10624914762915341
0.12169019802428292
0.08201199530915691
0.09899491783489021
0.07016464587763045
0.06623829584458234
0.05510157533071055
0.07735712653363422

0.04579841081366285

0.072162528296973

0.539860445403556
0.4259380054080638
0.0433523301874217
0.35974727749386654
0.38725911010685377
0.32668179691635735
0.04201459330902139
0.19316671918079134
0.2207936922999836
0.20350947291152052
0.06880037544415737
0.1625067376679412
0.15651270173560858
